4,30
4,28
4,27
4,13
4,29
4,26
4,25
4,18
4,16
3,8
4,24
4,23
4,8
4,22
4,21
4,20
4,5
4,9
4,19
4,17
4,15
4,14
4,7
4,6
3,7
3,6
4,12
4,11
4294967278,447
4294967279,383
4294967278,446
4294967279,382
4294967279,381
4294967278,445
4294967279,380
4294967278,444
4294967279,379
4294967278,443
4294967279,378
4294967279,377
4294967279,376
4294967278,442
4294967278,441
4294967278,440
4294967279,375
4294967279,374
4294967279,373
4294967279,372
4294967278,439
4294967278,438
4294967279,371
4294967279,370
4294967278,437
4294967279,369
4294967279,368
4294967278,436
4294967278,435
4294967278,434
4294967278,433
4294967279,367
4294967278,432
4294967279,366
4294967278,431
4294967279,365
4294967279,364
4294967278,430
4294967279,363
4294967278,429
4294967278,428
4294967278,427
4294967279,362
4294967279,361
4294967279,360
4294967279,359
4294967279,358
4294967278,426
4294967279,357
4294967278,425
4294967278,424
4294967279,356
4294967279,355
4294967278,423
4294967279,354
4294967279,353
4294967278,422
4294967279,352
4294967278,421
4294967279,351
4294967278,420
4294967278,419
4294967278,418
4294967279,350
4294967278,417
4294967278,416
4294967279,349
4294967278,415
4294967279,348
4294967279,347
4294967278,414
4294967278,413
4294967278,412
4294967278,411
4294967278,410
4294967278,409
4294967278,408
4294967279,346
4294967278,407
4294967278,406
4294967279,345
4294967279,344
4294967279,343
4294967279,342
4294967279,341
4294967279,340
4294967278,405
4294967278,404
4294967278,403
4294967279,339
4294967279,338
4294967278,402
4294967278,401
4294967278,400
4294967279,337
4294967278,399
4294967279,336
4294967278,398
4294967278,397
4294967279,335
4294967279,334
4294967279,333
4294967279,332
4294967279,331
4294967279,330
4294967278,396
4294967278,395
4294967278,394
4294967278,393
4294967278,392
4294967279,329
4294967279,328
4,10
4294967279,327
4294967279,326
4294967278,391
4294967279,325
4294967278,390
4294967278,389
4294967278,388
4294967279,324
4294967279,323
4294967279,322
4294967278,387
4294967278,386
4294967279,321
4294967278,385
4294967279,320
4294967278,384
4294967279,575
4294967278,383
4294967278,382
4294967279,574
4294967278,381
4294967279,573
4294967278,380
4294967279,572
4294967278,379
4294967279,571
4294967278,378
4294967278,377
4294967278,376
4294967279,570
4294967279,569
4294967279,568
4294967278,375
4294967278,374
4294967278,373
4294967278,372
4294967279,567
4294967278,371
4294967279,566
4294967279,565
4294967278,370
4294967279,564
4294967278,369
4294967279,563
4294967279,562
4294967278,368
4294967279,561
4294967278,367
4294967279,560
4294967278,366
4294967279,559
4294967278,365
4294967279,558
4294967278,364
4294967278,363
4294967279,557
4294967279,556
4294967279,555
4294967279,554
4294967278,362
4294967279,553
4294967278,361
4294967279,552
4294967279,551
4294967278,360
4294967279,550
4294967279,549
4294967278,359
4294967279,548
4294967278,358
4294967278,357
4294967278,356
4294967279,547
4294967279,546
4294967278,355
4294967278,354
4294967279,545
4294967279,544
4294967279,543
4294967278,353
4294967279,542
4294967279,541
4294967279,540
4294967279,539
4294967279,538
4294967278,352
4294967279,537
4294967278,351
4294967279,536
4294967278,350
4294967278,349
4294967279,535
4294967278,348
4294967279,534
4294967278,347
4294967278,346
4294967279,533
4294967278,345
4294967278,344
4294967279,532
4294967279,531
4294967278,343
4294967279,530
4294967278,342
4294967278,341
4294967279,529
4294967278,340
4294967279,528
4294967278,339
4294967279,527
4294967278,338
4294967279,526
4294967278,337
4294967279,525
4294967278,336
4294967279,524
4294967278,335
4294967279,523
4294967278,334
4294967279,522
4294967278,333
4294967279,521
4294967278,332
4294967279,520
4294967278,331
4294967279,519
4294967278,330
4294967279,518
4294967278,329
4294967278,328
4294967278,327
4294967279,517
4294967278,326
4294967278,325
4294967278,324
4294967279,516
4294967279,515
4294967278,323
4294967279,514
4294967278,322
4294967279,513
4294967279,512
4294967278,321
4294967279,319
4294967279,318
4294967278,320
4294967279,317
4294967278,319
4294967279,316
4294967279,315
4294967278,318
4294967279,314
4294967278,317
4294967279,313
4294967279,312
4294967278,316
4294967279,311
4294967279,310
4294967278,315
4294967279,309
4294967279,308
4294967278,314
4294967278,313
4294967278,312
4294967279,307
4294967278,311
4294967278,310
4294967279,306
4294967278,309
4294967279,305
4294967278,308
4294967279,304
4294967278,307
4294967279,303
4294967278,306
4294967279,302
4294967278,305
4294967279,301
4294967278,304
4294967279,300
4294967278,303
4294967279,299
4294967278,302
4294967278,301
4294967279,298
4294967279,297
4294967279,296
4294967278,300
4294967279,295
4294967279,294
4294967278,299
4294967279,293
4294967278,298
4294967279,292
4294967278,297
4294967278,296
4294967279,291
4294967278,295
4294967279,290
4294967278,294
4294967279,289
4294967278,293
4294967279,288
4294967279,287
4294967278,292
4294967279,286
4294967278,291
4294967294,1415
4294967294,186
4294967279,285
4294967278,290
4294967278,289
4,4
4294967278,288
4,3
4,2
4,1
4294967279,284
4294967294,470
4294967278,287
4294967294,1414
4294967294,1413
4294967278,286
4294967279,283
3,5
3,4
3,3
3,2
3,1
4294967294,83
4294967279,282
2,5
2,4
4294967278,285
2,3
2,2
2,1
4294967278,279
4294967279,281
